201	0.009929
202	0.6113
203	0.9326
204	0.9982
205	0.9675
206	0.9977
207	0.8194
208	0.9907
209	0.8413
210	0.7572
211	0.541
212	0.9892
213	0.9365
214	0.9469
215	0.8643
216	0.7729
217	0.9138
218	0.7974
219	0.8546
220	0.9942
221	0.8538
222	0.4559
223	0.8363
224	0.9838
225	0.9197
226	0.8682
227	0.9734
228	0.5897
229	0.7783
230	0.9384
231	0.7982
232	0.8476
233	0.07665
234	0.8633
235	0.8959
236	0.956
237	0.9934
238	0.8885
239	0.9906
240	0.8692
241	0.8952
242	0.1803
243	0.9977
244	0.005872
245	0.9193
246	0.9529
247	0.7517
248	0.5808
249	0.8265
250	0.8687
251	0.9604
252	0.994
253	0.8414
254	0.9472
255	0.9462
256	0.7088
257	0.8494
258	0.9699
259	0.9663
260	0.04404
261	0.8118
262	0.8898
263	0.1911
264	0.9549
265	0.9547
266	0.6364
267	0.9543
268	0.9693
269	0.9705
270	0.7106
271	0.992
272	0.8403
273	0.9967
274	0.9717
275	0.9706
276	0.9768
277	0.7469
278	0.8406
279	0.6762
280	0.9013
281	0.9358
282	0.9178
283	0.9697
284	0.9564
285	2.103E-4
286	0.5931
287	0.9104
288	0.9352
289	0.5451
290	0.9991
291	0.9909
292	0.07678
293	0.9999
294	0.9601
295	0.9212
296	0.9985
297	0.999
298	0.9644
299	0.7973
300	0.9579
301	0.6426
302	0.9942
303	0.6402
304	0.8767
305	0.9936
306	0.9871
307	0.8018
308	0.8538
309	0.9329
310	1.24E-4
311	0.1653
312	0.8921
313	0.7326
314	0.9764
315	0.8114
316	0.5439
317	0.9916
318	0.8288
319	0.6144
320	0.6042
321	0.6874
322	0.9484
323	0.9271
324	0.9458
325	0.6385
326	0.9046
327	0.9937
328	0.8466
329	0.8763
330	0.805
331	0.9329
332	0.855
333	0.7244
334	0.9384
335	0.9467
336	0.984
337	0.9153
338	0.9318
339	0.7811
340	0.03437
341	0.4198
342	0.9001
343	0.9338
344	0.7371
345	0.4094
346	0.9836
347	0.9932
348	0.7103
349	0.6717
350	0.8219
351	0.987
352	0.9629
353	0.8721
354	0.8768
355	0.9077
356	0.5452
357	0.8833
358	0.9604
359	0.7808
360	0.9844
361	0.5949
362	0.8591
363	0.9034
364	0.9991
365	0.8565
366	0.874
367	0.6028
368	0.7635
369	0.9727
370	0.8023
371	0.9986
372	0.997
373	0.9981
374	0.5616
375	0.9546
376	0.9336
377	0.7007
378	0.989
379	0.8367
380	0.9233
381	0.875
382	0.9699
383	0.7536
384	0.9972
385	0.8228
386	0.584
387	0.9166
388	0.9903
389	0.7137
390	0.7843
391	0.8789
392	0.9188
393	0.5118
394	0.843
395	0.5876
396	0.7418
397	0.7736
398	0.943
399	0.673
400	0.9888
201	0.9861
202	7.175E-5
203	0.003406
204	0.001809
205	2.508E-4
206	7.35E-7
207	0.09149
208	0.008697
209	8.839E-5
210	0.01573
211	0.3559
212	1.057E-4
213	2.065E-4
214	0.04889
215	0.01982
216	0.06546
217	7.269E-4
218	0.02885
219	0.1448
220	1.125E-6
221	2.663E-7
222	0.3623
223	0.002273
224	0.01613
225	0.014
226	0.1317
227	0.002528
228	0.3833
229	0.1548
230	0.03711
231	0.2006
232	0.1376
233	0.7392
234	0.1115
235	9.074E-6
236	1.044E-6
237	0.005662
238	1.026E-5
239	8.522E-4
240	0.006734
241	0.06593
242	0.7555
243	1.675E-6
244	0.847
245	0.001254
246	0.007822
247	0.03983
248	0.3453
249	0.1717
250	0.002846
251	0.02509
252	7.215E-4
253	0.1498
254	0.0397
255	3.99E-9
256	0.001281
257	0.05336
258	0.003574
259	2.667E-6
260	0.9539
261	0.09303
262	0.02611
263	0.7899
264	6.526E-4
265	0.04468
266	0.134
267	0.04185
268	3.758E-5
269	0.00991
270	0.289
271	1.419E-6
272	1.161E-8
273	9.223E-5
274	0.007979
275	0.003992
276	0.01274
277	0.253
278	0.02788
279	0.3215
280	0.09802
281	0.003715
282	0.03183
283	0.003874
284	0.01253
285	0.9114
286	0.3497
287	1.014E-6
288	0.01684
289	0.2857
290	1.658E-5
291	0.009082
292	0.8589
293	2.65E-5
294	0.02491
295	1.616E-5
296	5.039E-6
297	1.222E-4
298	5.011E-6
299	6.375E-4
300	2.774E-4
301	0.2874
302	3.637E-4
303	0.3486
304	0.05707
305	4.03E-4
306	0.001584
307	0.1476
308	0.001811
309	8.814E-6
310	0.7238
311	0.6869
312	0.04423
313	0.1716
314	1.015E-7
315	0.1629
316	0.4546
317	0.008352
318	9.691E-12
319	0.3821
320	0.3302
321	0.1456
322	0.04982
323	0.03542
324	0.03491
325	0.2844
326	0.006215
327	3.338E-4
328	0.05367
329	0.009921
330	5.719E-4
331	6.223E-4
332	0.0254
333	0.2378
334	0.04557
335	0.004121
336	0.002034
337	8.419E-7
338	0.005394
339	0.004032
340	0.9634
341	0.1024
342	0.07169
343	0.004232
344	0.2519
345	0.5774
346	0.001278
347	6.681E-5
348	0.003474
349	0.3282
350	0.1236
351	5.542E-8
352	0.03302
353	7.894E-4
354	0.1229
355	0.009499
356	0.2266
357	0.05537
358	0.007034
359	2.378E-4
360	0.01462
361	0.001216
362	3.013E-5
363	0.02705
364	3.853E-9
365	0.04477
366	0.003862
367	0.006447
368	0.09285
369	7.745E-4
370	0.09103
371	0.001417
372	2.007E-4
373	0.001641
374	0.3503
375	0.04287
376	2.501E-6
377	0.2969
378	5.644E-4
379	0.02284
380	0.07604
381	0.00846
382	0.02844
383	0.2365
384	3.979E-10
385	0.005501
386	0.363
387	0.04671
388	8.162E-6
389	0.03343
390	0.07915
391	0.003112
392	0.0348
393	0.4642
394	0.01305
395	0.363
396	0.1539
397	0.08095
398	0.0464
399	0.05105
400	0.002181
201	0.00393
202	0.08236
203	0.02657
204	4.362E-6
205	5.847E-6
206	8.773E-4
207	0.08669
208	3.063E-4
209	0.1539
210	0.1679
211	0.06131
212	0.007198
213	0.06202
214	0.00423
215	0.1157
216	1.464E-5
217	0.08545
218	0.1737
219	6.305E-4
220	0.005793
221	0.146
222	0.001875
223	0.07248
224	9.572E-5
225	0.00259
226	1.239E-4
227	0.024
228	4.748E-6
229	0.06417
230	0.0181
231	2.38E-4
232	6.761E-8
233	0.1773
234	0.02308
235	0.1021
236	1.554E-4
237	9.099E-5
238	0.01531
239	0.005573
240	0.1166
241	0.03886
242	0.06195
243	0.002266
244	0.1169
245	3.618E-6
246	0.03879
247	0.04425
248	0.06253
249	0.001847
250	0.08253
251	0.01447
252	0.002966
253	0.006693
254	8.668E-5
255	0.04456
256	0.2332
257	0.002571
258	0.0109
259	0.02357
260	4.547E-5
261	0.07051
262	0.08397
263	0.01725
264	0.0248
265	5.109E-4
266	0.2286
267	0.003816
268	0.02845
269	0.01955
270	6.455E-7
271	0.00469
272	0.1593
273	0.003195
274	0.01734
275	9.439E-6
276	3.55E-4
277	4.095E-5
278	0.06065
279	0.002296
280	5.24E-4
281	0.02322
282	0.0488
283	0.02638
284	0.00987
285	0.08652
286	0.02263
287	0.08959
288	4.002E-4
289	0.02818
290	8.241E-4
291	3.999E-7
292	0.06433
293	2.952E-5
294	0.01502
295	0.07621
296	0.001293
297	2.081E-6
298	2.463E-4
299	0.1503
300	0.02423
301	2.161E-6
302	3.244E-6
303	0.006865
304	0.06626
305	0.005154
306	8.792E-4
307	0.03211
308	0.1443
309	0.006207
310	0.2624
311	0.1464
312	1.22E-4
313	0.08469
314	0.02125
315	0.02533
316	5.971E-4
317	1.917E-5
318	0.1571
319	0.002496
320	0.0541
321	0.167
322	6.554E-7
323	0.03748
324	0.01921
325	0.07407
326	0.08919
327	0.00142
328	0.09916
329	0.1052
330	0.1944
331	8.289E-4
332	4.409E-5
333	0.03779
334	1.566E-4
335	0.04812
336	4.603E-5
337	0.03209
338	0.009257
339	0.08066
340	1.139E-4
341	0.1037
342	0.01074
343	0.03535
344	0.01003
345	0.009676
346	0.01507
347	2.145E-4
348	2.512E-4
349	3.093E-7
350	0.003716
351	0.01058
352	0.004033
353	0.1265
354	1.786E-4
355	2.711E-8
356	0.1597
357	4.372E-4
358	0.02748
359	4.966E-5
360	9.568E-4
361	0.3934
362	0.1319
363	9.026E-5
364	3.779E-5
365	0.09591
366	0.1215
367	0.3908
368	6.424E-4
369	5.018E-4
370	1.093E-5
371	1.353E-8
372	0.00141
373	2.341E-4
374	0.03067
375	1.076E-4
376	0.05234
377	0.001677
378	0.01044
379	0.1404
380	6.04E-4
381	0.07621
382	0.001591
383	0.00962
384	0.002533
385	0.03991
386	0.05203
387	1.147E-5
388	4.11E-4
389	0.2529
390	6.431E-6
391	0.1108
392	0.04635
393	2.2E-4
394	0.1317
395	0.04864
396	0.05169
397	0.1445
398	0.01061
399	1.612E-5
400	0.007883
201	8.313E-5
202	0.3063
203	0.03741
204	1.068E-5
205	0.03219
206	0.001422
207	0.00247
208	3.35E-4
209	0.004777
210	0.05915
211	0.04178
212	0.003455
213	0.001258
214	5.578E-7
215	2.299E-4
216	0.1616
217	6.714E-5
218	1.852E-5
219	1.21E-6
220	1.65E-8
221	1.729E-4
222	0.1799
223	0.08899
224	5.073E-11
225	0.0637
226	2.076E-6
227	1.133E-4
228	0.02701
229	0.002774
230	0.006351
231	9.643E-4
232	0.01477
233	0.006779
234	0.002112
235	0.001992
236	0.04389
237	8.929E-4
238	0.09622
239	0.002933
240	0.007488
241	5.064E-5
242	0.002294
243	4.204E-5
244	0.03026
245	0.07942
246	5.216E-4
247	0.1642
248	0.0114
249	1.346E-5
250	0.04594
251	2.335E-5
252	0.002354
253	0.002151
254	0.01296
255	0.00928
256	0.05676
257	0.09462
258	0.01562
259	0.01011
260	0.001971
261	0.02465
262	1.14E-4
263	0.001792
264	0.01966
265	1.047E-4
266	9.461E-4
267	1.214E-6
268	0.002251
269	5.476E-5
270	4.108E-4
271	0.003336
272	4.207E-4
273	2.121E-6
274	0.003002
275	0.02538
276	0.01009
277	5.285E-5
278	0.07088
279	2.323E-8
280	1.721E-4
281	0.03728
282	0.001593
283	1.357E-5
284	0.02116
285	0.001886
286	0.03456
287	5.251E-6
288	0.04757
289	0.141
290	5.714E-5
291	6.213E-11
292	5.931E-10
293	2.982E-5
294	9.965E-6
295	0.002608
296	2.252E-4
297	8.81E-4
298	0.03534
299	0.05182
300	0.01761
301	0.07003
302	0.005483
303	0.004317
304	1.601E-6
305	7.982E-4
306	0.01046
307	0.01846
308	4.022E-5
309	0.06087
310	0.01376
311	0.001431
312	0.0635
313	0.01109
314	0.002388
315	4.156E-4
316	9.133E-4
317	1.094E-6
318	0.01413
319	9.791E-4
320	0.01156
321	4.053E-6
322	0.001749
323	1.344E-6
324	7.771E-5
325	0.002957
326	1.203E-6
327	0.00455
328	5.261E-4
329	0.008549
330	2.287E-5
331	0.06568
332	0.1196
333	9.355E-6
334	0.01588
335	0.001032
336	0.01394
337	0.05259
338	0.05352
339	0.1343
340	0.002135
341	0.3741
342	0.01752
343	0.02663
344	9.714E-4
345	0.003492
346	5.391E-5
347	0.006561
348	0.2859
349	1.459E-4
350	0.05079
351	0.002393
352	3.292E-5
353	6.003E-4
354	1.804E-4
355	0.08278
356	0.06856
357	0.06089
358	0.005117
359	0.2189
360	3.938E-5
361	0.01046
362	0.008936
363	0.06948
364	8.21E-4
365	0.002805
366	7.074E-4
367	8.051E-6
368	0.143
369	0.02601
370	0.1067
371	2.218E-6
372	0.001398
373	1.956E-8
374	0.05742
375	0.002446
376	0.01404
377	6.882E-4
378	1.453E-7
379	8.202E-5
380	1.658E-5
381	0.04033
382	3.147E-5
383	2.001E-4
384	3.065E-4
385	0.1318
386	9.82E-4
387	0.03671
388	0.009312
389	1.245E-8
390	0.1366
391	0.00721
392	4.094E-6
393	0.02382
394	0.01229
395	7.599E-4
396	0.05265
397	9.212E-4
398	8.12E-6
399	0.276
400	0.001173
201	0.5863
202	0.3129
203	0.4324
204	0.1943
205	0.1912
206	0.17
207	0.2072
208	0.01274
209	0.2943
210	0.6809
211	1.87E-6
212	0.8174
213	0.1279
214	0.3652
215	0.1646
216	0.3702
217	0.4087
218	0.4117
219	0.92
220	0.2056
221	0.4048
222	0.2602
223	0.5881
224	0.2768
225	0.3441
226	0.525
227	0.1361
228	0.2649
229	0.7047
230	0.6339
231	0.3932
232	0.4401
233	0.2506
234	0.6415
235	0.1504
236	0.3425
237	0.6221
238	0.188
239	0.04433
240	0.3907
241	0.6538
242	0.146
243	0.6081
244	0.2094
245	0.003133
246	0.2636
247	0.8996
248	0.5525
249	0.5726
250	0.02769
251	0.7841
252	0.5211
253	0.7031
254	0.2626
255	0.3564
256	1.0
257	0.8973
258	0.5911
259	0.6366
260	0.9974
261	0.3531
262	0.4664
263	0.4034
264	0.565
265	0.2596
266	0.06579
267	0.2781
268	0.06452
269	0.2023
270	0.5408
271	0.5163
272	0.4561
273	0.001768
274	0.6291
275	0.4157
276	0.3058
277	0.5307
278	0.2045
279	0.2659
280	0.401
281	0.1349
282	8.829E-7
283	0.5473
284	0.7634
285	0.7489
286	0.2684
287	0.7822
288	0.6349
289	0.1314
290	0.03037
291	0.1758
292	0.04346
293	0.6487
294	0.3497
295	0.2646
296	0.9098
297	0.2224
298	0.3271
299	0.1372
300	0.6714
301	1.687E-7
302	0.01656
303	0.6343
304	8.357E-7
305	0.2904
306	0.3627
307	0.5732
308	0.6792
309	0.5603
310	0.683
311	0.9654
312	0.113
313	0.5127
314	0.5121
315	0.2197
316	0.1684
317	0.4903
318	0.5085
319	0.1746
320	0.2438
321	0.291
322	0.1792
323	0.3642
324	0.08354
325	0.1352
326	0.1292
327	0.3706
328	0.3276
329	0.5824
330	0.5401
331	0.9281
332	0.6782
333	0.3823
334	0.5078
335	0.315
336	0.2863
337	0.4005
338	0.7822
339	0.3456
340	0.3296
341	0.01253
342	0.8
343	0.4532
344	0.1335
345	0.6158
346	0.2762
347	0.4291
348	0.6659
349	0.5343
350	0.6212
351	0.6341
352	0.2827
353	0.3033
354	0.5535
355	0.09546
356	0.6281
357	0.1336
358	0.002673
359	0.1867
360	0.5607
361	0.4841
362	0.7938
363	0.663
364	0.08311
365	0.2792
366	0.4927
367	0.7195
368	4.204E-4
369	0.3122
370	0.3631
371	0.1534
372	0.1958
373	0.6145
374	0.001212
375	0.8531
376	0.7471
377	0.9417
378	0.03241
379	0.7574
380	0.02844
381	0.3956
382	0.1683
383	0.6828
384	0.5914
385	0.5166
386	0.8185
387	0.2953
388	0.6831
389	0.4095
390	0.03765
391	0.002391
392	0.7551
393	0.5398
394	0.347
395	0.2664
396	9.213E-4
397	6.939E-6
398	0.6328
399	0.2774
400	0.1452
201	0.004461
202	0.05961
203	0.02528
204	5.947E-4
205	0.2491
206	2.962E-6
207	0.1235
208	0.5047
209	0.3103
210	3.524E-4
211	0.1543
212	0.02175
213	0.3726
214	1.397E-5
215	0.01833
216	0.07397
217	0.08478
218	1.032E-7
219	0.05182
220	0.006281
221	3.133E-4
222	0.155
223	0.07985
224	0.01202
225	4.147E-6
226	5.035E-4
227	0.01041
228	0.1687
229	0.007247
230	0.07804
231	0.3516
232	6.367E-4
233	0.2028
234	0.0139
235	0.1171
236	0.3005
237	0.2331
238	0.3705
239	3.337E-5
240	5.373E-6
241	0.06057
242	0.01225
243	0.02013
244	1.703E-5
245	0.3262
246	0.2113
247	5.596E-5
248	7.799E-6
249	0.01167
250	0.5452
251	0.03792
252	0.05496
253	0.00501
254	0.06816
255	1.375E-5
256	2.226E-6
257	0.01959
258	0.02083
259	0.002044
260	5.476E-4
261	0.002102
262	0.07855
263	0.09187
264	0.02222
265	0.1593
266	1.029E-4
267	0.1855
268	0.1056
269	0.008051
270	0.06529
271	0.01908
272	0.05371
273	0.2181
274	0.03663
275	0.004007
276	0.02114
277	0.119
278	0.6726
279	0.002498
280	0.004161
281	0.005523
282	0.003318
283	6.569E-7
284	3.258E-4
285	0.06357
286	1.691E-4
287	2.325E-5
288	2.311E-5
289	0.249
290	0.008221
291	2.694E-10
292	0.1258
293	0.06121
294	3.08E-5
295	0.1972
296	0.07506
297	0.09739
298	0.3678
299	6.853E-4
300	2.918E-5
301	0.4799
302	0.1081
303	8.583E-6
304	0.3258
305	0.1115
306	0.01194
307	0.06574
308	7.188E-10
309	0.009354
310	0.1973
311	0.03396
312	0.08405
313	1.532E-9
314	0.01744
315	0.009705
316	0.03021
317	0.04508
318	0.009131
319	0.005553
320	0.01775
321	8.383E-7
322	0.004235
323	0.01116
324	0.005063
325	2.951E-4
326	1.246E-8
327	2.182E-6
328	0.00939
329	9.08E-6
330	0.004318
331	0.009272
332	0.05156
333	4.727E-5
334	4.803E-10
335	3.796E-4
336	0.00381
337	1.003E-4
338	0.005616
339	0.07835
340	0.006308
341	0.6387
342	0.02215
343	0.004175
344	0.1311
345	7.354E-5
346	2.454E-4
347	0.03821
348	2.9E-8
349	2.236E-4
350	0.2244
351	0.04801
352	0.01675
353	0.05205
354	8.791E-4
355	0.4676
356	0.1944
357	0.06807
358	0.3138
359	0.002355
360	0.002558
361	0.006747
362	0.006295
363	9.441E-5
364	2.058E-6
365	0.03602
366	0.1126
367	0.002551
368	0.2556
369	9.677E-6
370	0.01305
371	0.2754
372	0.1452
373	0.01021
374	2.101E-4
375	0.1449
376	0.00914
377	9.15E-5
378	0.06733
379	1.601E-4
380	0.2071
381	0.0642
382	0.2121
383	0.3164
384	1.588E-6
385	0.02044
386	9.032E-4
387	3.285E-7
388	0.008861
389	0.001065
390	0.3753
391	0.1663
392	0.06518
393	5.144E-4
394	0.02649
395	0.02981
396	0.08932
397	0.5651
398	1.175E-6
399	4.53E-6
400	0.3609
201	0.3669
202	0.6275
203	0.5261
204	0.6874
205	0.5528
206	0.5855
207	0.37
208	0.4582
209	0.3945
210	0.1458
211	0.8457
212	0.001859
213	0.4989
214	0.5978
215	0.4563
216	0.3856
217	0.4316
218	0.2705
219	0.01826
220	0.7405
221	0.4884
222	0.5481
223	0.2464
224	0.6846
225	0.6532
226	0.06125
227	0.3854
228	0.3743
229	1.941E-8
230	0.2834
231	0.1465
232	0.3404
233	0.5442
234	0.1792
235	0.7321
236	0.06726
237	0.1289
238	0.441
239	0.3252
240	0.5435
241	0.1956
242	0.8418
243	0.1188
244	0.58
245	0.6128
246	0.5238
247	0.006413
248	0.258
249	0.3626
250	0.4228
251	0.1778
252	0.4058
253	0.2837
254	0.6686
255	0.6414
256	1.753E-6
257	0.06644
258	0.385
259	0.3609
260	3.797E-4
261	0.6434
262	0.4449
263	0.4571
264	0.3626
265	1.902E-7
266	0.9341
267	0.5314
268	0.7461
269	0.7895
270	0.3695
271	0.4257
272	0.4887
273	0.6313
274	0.2809
275	0.259
276	0.6708
277	0.3119
278	0.07903
279	0.7316
280	0.5908
281	0.8592
282	0.9951
283	0.4509
284	2.722E-4
285	0.17
286	0.7243
287	0.2178
288	0.3509
289	0.55
290	0.9614
291	0.8223
292	0.1136
293	0.2451
294	0.6422
295	0.4951
296	3.319E-5
297	0.6802
298	0.2789
299	0.8616
300	0.09268
301	0.5195
302	0.6767
303	0.3531
304	0.4478
305	0.4832
306	0.6224
307	0.361
308	0.3198
309	0.417
310	0.1197
311	6.462E-4
312	0.8023
313	0.3163
314	0.464
315	0.5666
316	0.6794
317	0.4596
318	0.4823
319	0.8191
320	0.7251
321	0.5971
322	0.8152
323	0.6168
324	0.6803
325	0.8605
326	0.8685
327	0.4952
328	0.5431
329	0.4065
330	0.4258
331	0.06134
332	0.2621
333	0.6108
334	0.4922
335	0.6836
336	0.6835
337	0.3387
338	0.2115
339	0.576
340	0.6632
341	0.3487
342	0.1396
343	0.3668
344	0.1417
345	0.3816
346	0.1711
347	0.2003
348	0.2975
349	0.4637
350	0.1488
351	0.312
352	0.657
353	0.6444
354	0.4234
355	0.4369
356	0.1597
357	0.7885
358	0.5194
359	0.811
360	0.4152
361	0.5035
362	0.1999
363	0.3005
364	0.9169
365	0.6773
366	1.938E-5
367	0.271
368	0.7406
369	0.6875
370	0.616
371	0.5709
372	0.6402
373	0.3591
374	0.9971
375	0.001892
376	0.2438
377	0.05586
378	0.8996
379	0.2247
380	0.6608
381	0.5397
382	0.6074
383	3.79E-9
384	0.2382
385	0.304
386	1.593E-5
387	0.7034
388	0.001265
389	0.5625
390	0.495
391	0.8308
392	0.1797
393	0.4569
394	0.3571
395	0.6926
396	0.9065
397	0.4196
398	0.3666
399	0.6195
400	0.4939
201	0.04237
202	9.29E-6
203	0.01619
204	0.1177
205	0.00691
206	0.2445
207	0.2993
208	0.02436
209	8.98E-4
210	0.173
211	9.108E-7
212	0.159
213	6.399E-4
214	0.037
215	0.3608
216	0.1703
217	0.07501
218	0.3178
219	0.009906
220	0.04766
221	0.1065
222	0.03674
223	0.08561
224	0.02651
225	0.00273
226	0.4132
227	0.4681
228	0.1922
229	0.2881
230	0.00462
231	0.1087
232	0.2188
233	0.002421
234	0.1654
235	4.591E-4
236	0.2897
237	0.01593
238	5.412E-4
239	0.6305
240	0.0658
241	0.09001
242	9.861E-6
243	0.2529
244	0.2106
245	0.05785
246	0.001251
247	0.09388
248	0.1894
249	0.05309
250	0.004339
251	1.843E-4
252	0.01817
253	0.008173
254	7.229E-4
255	0.002202
256	1.282E-9
257	0.01667
258	0.003091
259	4.635E-4
260	0.001623
261	0.001311
262	0.01015
263	0.04763
264	0.05009
265	0.5811
266	2.086E-7
267	0.004993
268	0.0838
269	1.399E-4
270	0.02437
271	0.03895
272	0.001517
273	0.1489
274	0.05338
275	0.3213
276	0.002261
277	0.0384
278	0.04386
279	4.232E-7
280	0.003997
281	4.437E-4
282	0.001561
283	0.001784
284	0.236
285	0.01758
286	0.007049
287	4.895E-6
288	0.01419
289	0.06958
290	2.126E-6
291	0.001866
292	0.7172
293	0.04502
294	0.008095
295	0.04307
296	0.01513
297	2.14E-6
298	0.02615
299	4.617E-4
300	0.2359
301	5.393E-4
302	0.1986
303	0.01263
304	0.2263
305	0.1149
306	0.002967
307	1.963E-5
308	0.00104
309	0.01333
310	1.286E-6
311	1.832E-5
312	6.659E-4
313	0.171
314	0.006424
315	0.2039
316	0.122
317	0.004931
318	2.263E-6
319	7.074E-4
320	0.01331
321	0.1119
322	0.001331
323	0.007924
324	0.2311
325	0.004062
326	0.002296
327	0.1342
328	0.1199
329	0.01105
330	0.02979
331	0.00132
332	0.008065
333	0.006841
334	3.819E-6
335	0.001017
336	0.02637
337	0.2607
338	6.35E-4
339	1.101E-4
340	9.246E-4
341	1.375E-5
342	0.03824
343	0.1758
344	0.5937
345	0.002474
346	0.5525
347	0.3323
348	0.03657
349	0.001829
350	0.00558
351	0.005932
352	0.04362
353	1.81E-4
354	0.0222
355	2.078E-6
356	0.01785
357	0.009836
358	0.1641
359	3.51E-8
360	0.02159
361	0.005579
362	4.666E-5
363	0.03644
364	6.05E-8
365	0.007436
366	0.3947
367	0.006957
368	0.003446
369	2.966E-4
370	0.007851
371	3.362E-4
372	0.01884
373	0.01615
374	0.001491
375	1.112E-4
376	3.608E-8
377	0.002319
378	6.793E-4
379	0.01776
380	0.1037
381	5.431E-4
382	0.0121
383	7.951E-4
384	0.1704
385	0.159
386	0.1806
387	0.001262
388	0.3068
389	0.0269
390	0.09211
391	5.831E-4
392	6.135E-5
393	0.002712
394	0.2694
395	0.01117
396	0.003247
397	0.01532
398	5.82E-4
399	0.1031
400	2.136E-6
201	0.002739
202	0.02475
203	0.1027
204	0.05418
205	5.541E-4
206	3.493E-5
207	0.01527
208	2.613E-4
209	0.1618
210	0.05261
211	5.696E-6
212	0.003995
213	0.002656
214	0.2032
215	0.01075
216	4.369E-4
217	0.1323
218	2.308E-4
219	0.004996
220	0.002507
221	1.609E-5
222	9.231E-5
223	0.07434
224	0.054
225	0.05728
226	0.07725
227	0.007307
228	0.001551
229	0.003312
230	0.005374
231	0.017
232	0.006691
233	4.419E-7
234	1.044E-12
235	0.1284
236	0.003443
237	4.055E-9
238	2.425E-5
239	2.234E-5
240	0.02056
241	2.498E-7
242	0.001345
243	4.485E-6
244	0.001718
245	0.1084
246	0.1338
247	5.543E-6
248	0.05064
249	0.04572
250	0.003412
251	0.001147
252	0.006987
253	0.001541
254	0.004346
255	3.858E-5
256	3.194E-5
257	0.4412
258	1.047E-7
259	3.777E-7
260	0.001853
261	0.02475
262	0.1129
263	0.004624
264	2.676E-4
265	0.002995
266	9.144E-5
267	0.06373
268	0.04192
269	0.0549
270	0.01242
271	2.474E-4
272	4.06E-5
273	0.006341
274	0.008942
275	0.002628
276	0.1138
277	0.006104
278	3.647E-6
279	0.1473
280	0.05299
281	0.05162
282	0.02749
283	0.01972
284	3.163E-4
285	0.009808
286	1.035E-4
287	0.06115
288	0.05026
289	0.0163
290	0.01547
291	0.003916
292	0.135
293	0.008861
294	0.008866
295	0.005071
296	0.00146
297	5.156E-6
298	1.22E-5
299	0.001013
300	0.0276
301	0.01504
302	0.01916
303	0.003792
304	0.06567
305	0.09958
306	1.875E-9
307	0.00484
308	0.03817
309	0.01776
310	0.01672
311	0.02292
312	0.001513
313	0.003508
314	5.735E-4
315	0.02723
316	1.456E-7
317	0.00245
318	1.676E-4
319	2.934E-5
320	0.04848
321	0.1214
322	0.007234
323	0.003054
324	0.007209
325	5.816E-4
326	2.503E-4
327	1.044E-4
328	0.04972
329	1.566E-4
330	0.04518
331	1.264E-6
332	0.001489
333	1.066E-4
334	0.001362
335	0.002237
336	2.709E-6
337	2.541E-4
338	1.374E-4
339	1.404E-4
340	0.06773
341	0.01916
342	0.08268
343	0.02741
344	0.02805
345	0.04476
346	0.06018
347	0.006537
348	0.00109
349	8.373E-5
350	0.02511
351	0.003772
352	0.003357
353	0.01098
354	0.01221
355	0.2041
356	0.1441
357	1.89E-4
358	0.004076
359	0.005986
360	0.008247
361	0.03081
362	0.009357
363	3.746E-5
364	0.05786
365	0.02301
366	0.008838
367	0.0022
368	0.1047
369	2.902E-4
370	4.4E-4
371	1.623E-4
372	1.182E-4
373	0.008326
374	0.002244
375	3.674E-4
376	0.05258
377	0.01701
378	1.654E-9
379	4.022E-4
380	0.01131
381	0.001606
382	7.19E-4
383	0.03261
384	0.03115
385	7.994E-4
386	0.04673
387	0.007872
388	0.002737
389	8.111E-4
390	0.008941
391	0.01138
392	1.085E-8
393	0.02687
394	0.01372
395	0.05001
396	0.01172
397	0.01291
398	0.0406
399	4.92E-5
400	9.901E-4
201	3.762E-4
202	0.09379
203	8.959E-7
204	0.001272
205	0.001272
206	1.4E-4
207	0.007621
208	0.1022
209	0.03102
210	1.203E-7
211	0.001511
212	0.00123
213	0.008789
214	0.03295
215	0.05371
216	0.02735
217	0.001835
218	0.08213
219	8.724E-6
220	7.562E-7
221	0.001067
222	3.031E-7
223	0.003349
224	8.76E-5
225	1.137E-5
226	1.811E-4
227	0.001638
228	5.18E-6
229	0.2269
230	2.013E-4
231	0.003466
232	0.1103
233	0.00478
234	0.07509
235	2.092E-4
236	0.08608
237	0.009276
238	0.1685
239	9.558E-6
240	0.009314
241	0.1877
242	0.07286
243	2.696E-7
244	0.008677
245	0.04907
246	0.01497
247	0.0724
248	6.15E-5
249	3.519E-7
250	0.04325
251	1.352E-4
252	6.956E-9
253	0.2301
254	3.042E-7
255	0.04214
256	0.007715
257	2.292E-6
258	0.01266
259	0.04225
260	0.0015
261	0.00426
262	6.167E-4
263	0.03283
264	0.168
265	0.008091
266	0.007365
267	0.05865
268	0.002891
269	0.001859
270	6.959E-4
271	2.454E-7
272	0.05432
273	0.006677
274	0.08512
275	1.144E-4
276	0.001643
277	6.278E-4
278	0.0237
279	2.549E-4
280	0.01483
281	1.231E-7
282	0.09065
283	3.437E-4
284	1.763E-4
285	0.02569
286	0.132
287	7.565E-7
288	1.027E-4
289	2.022E-4
290	9.585E-4
291	9.177E-8
292	3.831E-4
293	0.001492
294	5.389E-4
295	7.524E-6
296	0.01908
297	5.754E-4
298	1.045E-8
299	0.002479
300	0.005399
301	0.02182
302	6.955E-4
303	0.05324
304	0.01379
305	2.22E-11
306	0.005045
307	0.04453
308	0.01296
309	9.758E-4
310	0.01538
311	0.001651
312	0.0272
313	0.1596
314	0.2218
315	4.062E-4
316	0.003149
317	0.001689
318	2.166E-4
319	0.1385
320	0.01536
321	9.125E-5
322	0.006166
323	0.04096
324	0.001847
325	0.003393
326	0.03651
327	1.01E-5
328	0.02513
329	0.04472
330	2.688E-4
331	8.105E-5
332	4.253E-5
333	0.002469
334	0.004384
335	2.186E-4
336	0.001819
337	0.01415
338	0.03797
339	0.0201
340	0.04697
341	0.01044
342	2.936E-6
343	0.001439
344	0.003316
345	0.001877
346	1.753E-6
347	0.04893
348	3.097E-5
349	5.555E-5
350	0.04167
351	0.02917
352	0.003477
353	0.001521
354	8.364E-6
355	0.09419
356	1.438E-5
357	1.786E-6
358	0.001037
359	0.05097
360	4.671E-5
361	0.005141
362	0.1412
363	0.002595
364	1.683E-5
365	3.647E-6
366	1.834E-4
367	0.04169
368	0.005524
369	0.04387
370	1.386E-6
371	2.342E-5
372	0.007926
373	5.847E-4
374	0.001376
375	0.01166
376	0.02498
377	9.663E-4
378	0.009322
379	0.04561
380	1.566E-5
381	0.04564
382	0.002577
383	7.453E-5
384	0.01182
385	0.003251
386	1.355E-5
387	0.373
388	0.0567
389	0.04544
390	5.353E-6
391	0.001514
392	9.778E-4
393	0.003058
394	0.002655
395	0.01701
396	0.006028
397	1.389E-4
398	0.03707
399	0.01032
400	0.01526
201	0.9968
202	0.8813
203	0.8932
204	0.9431
205	0.9975
206	0.9764
207	0.9742
208	0.7516
209	0.8072
210	0.8409
211	0.9982
212	0.9727
213	0.9644
214	0.7639
215	0.7435
216	0.9703
217	0.8658
218	0.7786
219	0.9694
220	0.9942
221	0.9724
222	0.9999
223	0.9219
224	0.9458
225	0.8957
226	0.9226
227	0.9796
228	0.9539
229	0.6372
230	0.9832
231	0.9793
232	0.8602
233	0.9889
234	0.9192
235	0.7755
236	0.8955
237	0.9836
238	0.8044
239	1.0
240	0.9681
241	0.5354
242	0.8181
243	1.0
244	0.9279
245	0.8424
246	0.8509
247	0.9273
248	0.9493
249	0.9543
250	0.9532
251	0.9905
252	0.993
253	0.7684
254	0.9957
255	0.9563
256	0.9923
257	0.5585
258	0.9652
259	0.8967
260	0.9966
261	0.7781
262	0.8862
263	0.9625
264	0.8317
265	0.9461
266	0.7879
267	0.8775
268	0.9417
269	0.9416
270	0.9863
271	0.9829
272	0.9443
273	0.9587
274	0.9014
275	0.7842
276	0.8845
277	0.9549
278	0.9453
279	0.8522
280	0.9322
281	0.9484
282	0.8759
283	0.9799
284	0.9845
285	0.8868
286	0.8437
287	0.9387
288	0.9479
289	0.9835
290	0.9812
291	0.9961
292	0.8202
293	0.9852
294	0.9886
295	0.9949
296	0.9795
297	0.9994
298	0.9946
299	0.9859
300	0.9662
301	0.9515
302	0.9783
303	0.9332
304	0.9085
305	0.817
306	0.9017
307	0.9405
308	0.9488
309	0.9678
310	0.9678
311	0.9733
312	0.9694
313	0.676
314	0.7776
315	0.9716
316	0.9968
317	0.9923
318	0.9996
319	0.8609
320	0.9356
321	0.8785
322	0.9863
323	0.9134
324	0.9909
325	0.9946
326	0.9632
327	0.9999
328	0.9239
329	0.9522
330	0.953
331	0.7575
332	0.9013
333	0.9941
334	0.9917
335	0.9951
336	0.9478
337	0.9757
338	0.9377
339	0.9492
340	0.8847
341	0.9704
342	0.9163
343	0.971
344	0.9027
345	0.9406
346	0.9133
347	0.9445
348	0.9851
349	0.9998
350	0.9332
351	0.8421
352	0.9931
353	0.9875
354	0.895
355	0.7014
356	0.8559
357	0.9998
358	0.9939
359	0.9427
360	0.9465
361	0.907
362	0.8481
363	0.9967
364	0.9421
365	0.941
366	0.9832
367	0.9368
368	0.8873
369	0.9418
370	0.9212
371	0.9998
372	0.9415
373	0.9016
374	0.9139
375	0.988
376	0.894
377	0.982
378	0.03786
379	0.9492
380	0.967
381	0.9528
382	0.9869
383	0.9533
384	0.9566
385	0.995
386	0.8571
387	0.6188
388	0.8254
389	0.9345
390	0.9872
391	0.9862
392	0.9795
393	0.9677
394	0.9819
395	0.9303
396	0.8351
397	0.9855
398	0.9176
399	0.981
400	0.9608
201	3.793E-5
202	1.891E-4
203	0.004106
204	0.001497
205	6.505E-4
206	0.02342
207	0.002927
208	0.1459
209	2.054E-6
210	0.1065
211	2.747E-4
212	0.02203
213	0.02411
214	9.132E-8
215	0.192
216	0.001897
217	7.514E-5
218	0.139
219	0.02558
220	0.003248
221	0.02648
222	6.836E-7
223	3.847E-4
224	1.303E-4
225	0.04696
226	1.898E-10
227	0.01142
228	0.04452
229	0.1325
230	0.01122
231	1.904E-4
232	0.0228
233	0.006332
234	0.005711
235	0.09593
236	0.01493
237	0.00713
238	0.02709
239	5.593E-6
240	0.001996
241	0.2769
242	0.1077
243	2.993E-11
244	0.06173
245	8.654E-5
246	3.142E-4
247	2.667E-4
248	1.237E-5
249	6.019E-6
250	1.042E-4
251	0.008208
252	3.011E-5
253	1.898E-7
254	3.321E-6
255	0.001476
256	2.388E-6
257	3.058E-4
258	0.02216
259	0.06104
260	7.93E-10
261	0.1929
262	3.045E-4
263	1.813E-6
264	1.207E-5
265	0.04284
266	0.2046
267	8.313E-5
268	0.01348
269	0.001676
270	5.548E-4
271	0.01682
272	0.001346
273	0.02829
274	0.004564
275	0.2131
276	8.13E-9
277	0.03839
278	0.03102
279	2.042E-4
280	5.448E-10
281	3.376E-6
282	0.005955
283	2.785E-8
284	0.01502
285	0.07766
286	0.02417
287	1.303E-4
288	0.001702
289	8.796E-7
290	0.002327
291	3.335E-7
292	0.0444
293	0.004439
294	0.001954
295	9.75E-6
296	2.345E-7
297	5.439E-5
298	0.005382
299	0.01058
300	7.623E-4
301	0.01168
302	0.001836
303	0.009723
304	0.01206
305	0.08338
306	0.09326
307	0.01015
308	2.862E-5
309	0.01351
310	1.231E-4
311	0.002158
312	0.001924
313	0.1609
314	5.12E-7
315	7.494E-4
316	6.966E-5
317	0.003556
318	2.566E-5
319	5.367E-4
320	5.23E-4
321	8.119E-14
322	3.374E-4
323	0.04259
324	3.586E-5
325	0.001451
326	1.041E-5
327	8.404E-6
328	0.0013
329	0.002882
330	0.001517
331	0.2424
332	0.09716
333	0.003323
334	0.002546
335	0.002397
336	0.05034
337	0.009943
338	0.02416
339	0.03057
340	5.98E-4
341	2.101E-6
342	9.803E-4
343	1.866E-4
344	0.06592
345	0.01276
346	0.02653
347	3.653E-5
348	0.01373
349	5.701E-5
350	1.191E-11
351	0.1249
352	7.068E-5
353	1.129E-5
354	0.09274
355	2.714E-4
356	1.517E-5
357	3.753E-11
358	9.532E-4
359	3.215E-4
360	0.04519
361	0.05707
362	0.001317
363	6.192E-4
364	4.513E-9
365	0.03598
366	0.007764
367	0.01932
368	0.002467
369	0.01404
370	0.07833
371	2.634E-5
372	0.05047
373	0.08952
374	0.0825
375	1.121E-7
376	0.02848
377	5.077E-8
378	0.9528
379	0.004837
380	0.02165
381	9.84E-9
382	0.009845
383	0.01405
384	3.966E-4
385	9.365E-4
386	0.09615
387	2.852E-4
388	0.1151
389	0.01921
390	0.003818
391	9.406E-4
392	0.01948
393	0.002329
394	0.00171
395	0.002638
396	0.1471
397	0.001488
398	0.004682
399	0.008591
400	0.02299
201	0.005179
202	0.01478
203	1.667E-5
204	6.423E-6
205	3.469E-5
206	0.05924
207	1.344E-4
208	0.0196
209	9.74E-6
210	0.003252
211	0.02392
212	0.009831
213	0.08104
214	0.02579
215	7.923E-5
216	0.1271
217	0.01239
218	0.03594
219	0.06521
220	0.004031
221	0.006629
222	0.004142
223	0.06123
224	0.001967
225	0.1879
226	0.008661
227	0.08854
228	0.024
229	0.001353
230	0.03927
231	0.04181
232	0.006392
233	0.3584
234	1.712E-5
235	0.00986
236	0.002768
237	0.007739
238	0.3337
239	1.256E-4
240	0.005585
241	0.001225
242	2.374E-4
243	0.1074
244	2.281E-5
245	0.002644
246	0.01964
247	0.06075
248	3.749E-6
249	2.087E-4
250	0.007945
251	5.033E-6
252	0.01062
253	4.013E-8
254	0.01502
255	0.005639
256	6.808E-5
257	7.623E-4
258	0.03201
259	8.075E-11
260	0.1136
261	0.01467
262	0.003069
263	4.389E-4
264	0.02833
265	3.558E-6
266	0.06427
267	0.1124
268	0.002689
269	0.01697
270	0.0233
271	0.004448
272	0.003457
273	0.01591
274	0.1314
275	0.04819
276	3.348E-5
277	0.001965
278	0.03166
279	0.007314
280	2.633E-5
281	8.379E-4
282	0.01449
283	0.001723
284	7.306E-4
285	0.0132
286	5.983E-4
287	0.04303
288	0.006859
289	0.001742
290	0.002166
291	0.001698
292	0.02314
293	0.02407
294	0.01875
295	0.07564
296	0.1251
297	0.1821
298	3.748E-4
299	0.05644
300	0.007027
301	2.885E-5
302	0.002466
303	0.01703
304	6.125E-4
305	0.01403
306	8.217E-5
307	0.05171
308	0.01015
309	4.076E-4
310	0.05017
311	1.673E-6
312	0.003505
313	1.668E-4
314	6.478E-5
315	0.01871
316	0.06695
317	0.02871
318	0.00216
319	0.002244
320	2.743E-5
321	1.933E-7
322	0.02783
323	8.193E-4
324	0.04516
325	0.001606
326	0.1476
327	0.002199
328	5.868E-7
329	0.01274
330	0.00176
331	0.1206
332	1.715E-4
333	5.466E-4
334	0.07133
335	0.009347
336	4.935E-4
337	0.03266
338	1.692E-5
339	2.432E-4
340	0.02366
341	0.002221
342	0.03832
343	0.04365
344	3.314E-5
345	0.007793
346	4.009E-6
347	9.143E-8
348	7.418E-7
349	0.01307
350	0.101
351	0.02216
352	0.05912
353	0.001493
354	0.00267
355	0.4828
356	9.378E-5
357	0.246
358	0.1011
359	2.684E-4
360	0.05615
361	0.1768
362	0.001295
363	0.2413
364	0.01032
365	0.08396
366	0.2001
367	0.02333
368	1.439E-4
369	6.481E-8
370	0.0532
371	1.956E-4
372	0.03546
373	4.455E-5
374	3.236E-7
375	0.08181
376	2.561E-5
377	0.01294
378	0.1339
379	0.02557
380	0.01017
381	5.474E-4
382	0.02342
383	1.395E-5
384	0.08436
385	6.818E-6
386	4.076E-4
387	1.938E-5
388	2.045E-5
389	3.919E-4
390	0.2024
391	0.0271
392	1.067E-4
393	8.134E-6
394	0.02329
395	0.006812
396	5.531E-4
397	0.0675
398	0.008462
399	0.2732
400	0.02361
201	1.474E-7
202	0.2746
203	7.879E-5
204	0.1561
205	0.006277
206	0.001454
207	0.2902
208	0.007193
209	4.533E-4
210	0.01878
211	0.007886
212	3.239E-5
213	0.2219
214	0.02579
215	2.071E-5
216	0.007961
217	0.03182
218	0.002665
219	0.0405
220	0.07093
221	0.04346
222	0.02259
223	0.01402
224	0.03653
225	0.005735
226	0.2446
227	0.02039
228	0.01662
229	0.02304
230	0.07102
231	0.06604
232	4.13E-4
233	2.121E-5
234	0.003567
235	7.566E-4
236	5.464E-4
237	6.594E-4
238	0.07212
239	0.01131
240	0.2809
241	0.003175
242	1.835E-4
243	2.774E-5
244	0.1111
245	4.791E-7
246	0.09536
247	0.1105
248	0.135
249	0.0412
250	1.073E-4
251	1.999E-4
252	0.03405
253	0.004207
254	0.03053
255	5.913E-8
256	1.109E-4
257	8.706E-4
258	2.088E-4
259	4.409E-6
260	0.202
261	0.01198
262	1.85E-9
263	0.05798
264	0.058
265	0.1531
266	0.03868
267	9.356E-7
268	8.367E-4
269	0.2289
270	0.4383
271	0.03772
272	0.03944
273	0.003424
274	4.808E-4
275	0.02449
276	1.392E-4
277	0.01622
278	0.05274
279	5.491E-9
280	0.06654
281	0.07227
282	0.1017
283	0.01866
284	9.216E-4
285	0.001194
286	2.145E-4
287	7.18E-4
288	1.798E-5
289	0.05696
290	0.001357
291	3.425E-4
292	0.1097
293	0.01444
294	0.003418
295	0.388
296	0.05862
297	0.006705
298	0.003611
299	2.745E-4
300	0.03714
301	0.01641
302	2.122E-5
303	0.0399
304	7.527E-5
305	0.002104
306	0.04771
307	0.1736
308	0.07654
309	0.01785
310	0.001106
311	0.003773
312	0.04655
313	0.001019
314	0.04098
315	0.02715
316	0.00189
317	0.155
318	9.916E-5
319	1.302E-4
320	0.0294
321	5.211E-4
322	0.02182
323	9.14E-8
324	0.3497
325	0.2227
326	3.509E-4
327	0.01972
328	0.004661
329	0.07223
330	1.88E-8
331	3.027E-8
332	0.06087
333	0.03015
334	0.1681
335	0.1225
336	0.001937
337	0.03086
338	5.655E-4
339	0.01167
340	0.00371
341	0.01334
342	0.02686
343	0.1716
344	5.629E-6
345	3.179E-8
346	2.1E-8
347	0.005594
348	0.2078
349	7.438E-4
350	3.152E-8
351	0.1186
352	0.0894
353	0.02336
354	0.1434
355	0.009828
356	0.001758
357	1.599E-5
358	5.587E-4
359	3.923E-4
360	2.844E-5
361	0.05556
362	0.1256
363	0.03994
364	0.1347
365	0.007646
366	6.641E-4
367	0.2229
368	0.1128
369	0.003406
370	3.501E-7
371	5.498E-4
372	0.002551
373	1.031E-4
374	0.1041
375	0.002904
376	0.009746
377	0.1915
378	0.1643
379	2.143E-8
380	0.01586
381	0.1038
382	0.0118
383	0.3268
384	0.02594
385	0.01131
386	0.008265
387	0.07216
388	0.2142
389	5.532E-4
390	0.01437
391	2.173E-11
392	0.2848
393	0.04011
394	0.008125
395	1.139E-4
396	0.1356
397	0.006357
398	0.01121
399	0.001141
400	0.06759
201	0.8841
202	0.6531
203	0.9436
204	0.7986
205	0.9417
206	0.7394
207	0.7026
208	0.7802
209	0.9981
210	0.9307
211	0.9668
212	0.9308
213	0.6359
214	0.9132
215	0.9991
216	0.8536
217	0.9471
218	0.9452
219	0.8555
220	0.9248
221	0.9495
222	0.9733
223	0.8841
224	0.9614
225	0.7339
226	0.7466
227	0.557
228	0.9593
229	0.9756
230	0.8717
231	0.8919
232	0.9918
233	0.6345
234	0.9839
235	0.9817
236	0.9738
237	0.9913
238	0.5941
239	0.9884
240	0.6547
241	0.9904
242	0.4144
243	0.7776
244	0.8885
245	0.996
246	0.593
247	0.8288
248	0.8642
249	0.9586
250	0.8925
251	0.8256
252	0.9286
253	0.9952
254	0.8911
255	0.989
256	0.9797
257	0.9453
258	0.8038
259	0.9982
260	0.6795
261	0.9472
262	0.5148
263	0.7905
264	0.7316
265	0.7733
266	0.8918
267	0.8876
268	0.9876
269	0.6425
270	0.5377
271	0.9576
272	0.8974
273	0.9806
274	0.8578
275	0.9273
276	0.8588
277	0.9818
278	0.8817
279	0.9924
280	0.8696
281	0.9265
282	0.8761
283	0.9548
284	0.7512
285	0.8457
286	0.9743
287	0.955
288	0.9822
289	0.936
290	0.9961
291	0.9975
292	0.7923
293	0.9177
294	0.9767
295	0.2588
296	0.7595
297	0.7026
298	0.9823
299	0.9429
300	0.7573
301	0.8278
302	0.9933
303	0.9405
304	0.9992
305	0.9579
306	0.9454
307	0.7746
308	0.9125
309	0.8722
310	0.9086
311	0.9509
312	0.9356
313	0.9894
314	0.9176
315	0.835
316	0.9311
317	0.7933
318	0.9977
319	0.761
320	0.8811
321	0.8867
322	0.9469
323	0.999
324	0.5488
325	0.7695
326	0.851
327	0.978
328	0.9712
329	0.8856
330	0.9982
331	0.8773
332	0.9384
333	0.953
334	0.76
335	0.8674
336	0.8843
337	0.8207
338	0.9556
339	0.9327
340	0.9538
341	0.6073
342	0.9347
343	0.7682
344	0.9958
345	0.9813
346	1.0
347	0.8826
348	0.7922
349	0.9845
350	0.8933
351	0.8464
352	0.8344
353	0.8756
354	0.8529
355	0.4999
356	0.914
357	0.754
358	0.8983
359	0.9685
360	0.8472
361	0.7302
362	0.8641
363	0.6899
364	0.7268
365	0.9082
366	0.7992
367	0.7221
368	0.887
369	0.9866
370	0.8071
371	0.8766
372	0.9373
373	0.9812
374	0.8443
375	0.8949
376	0.9768
377	0.5279
378	0.001343
379	0.961
380	0.9599
381	0.8954
382	0.9622
383	0.6726
384	0.789
385	0.9766
386	0.9861
387	0.8352
388	0.7857
389	0.9968
390	0.7647
391	0.9706
392	0.7143
393	0.958
394	0.8785
395	0.9788
396	0.8586
397	0.8809
398	0.9803
399	0.635
400	0.8851
201	0.1107
202	0.05748
203	0.05627
204	0.04528
205	0.05195
206	0.1999
207	0.007079
208	0.193
209	0.001414
210	0.04729
211	0.001364
212	0.05938
213	0.06124
214	0.03518
215	8.24E-4
216	0.01129
217	0.008681
218	0.01623
219	0.03877
220	2.919E-4
221	4.128E-4
222	2.179E-7
223	0.04061
224	6.003E-5
225	0.07249
226	1.477E-4
227	0.334
228	9.43E-5
229	2.764E-6
230	0.01797
231	2.258E-4
232	0.00135
233	0.00703
234	0.01251
235	0.007706
236	0.02285
237	2.763E-4
238	1.509E-5
239	2.043E-4
240	0.05889
241	0.005221
242	0.5851
243	0.115
244	4.619E-4
245	0.001374
246	0.292
247	2.11E-5
248	7.99E-4
249	3.108E-7
250	0.09948
251	0.1742
252	0.02678
253	6.058E-4
254	0.06339
255	0.005313
256	0.02016
257	0.05311
258	0.164
259	0.00177
260	0.004911
261	0.02616
262	0.4822
263	0.1511
264	0.1821
265	0.07364
266	0.00529
267	4.063E-6
268	0.008896
269	0.1117
270	7.018E-4
271	1.886E-4
272	0.05972
273	1.082E-4
274	0.01033
275	6.062E-10
276	0.141
277	6.135E-5
278	0.03393
279	2.373E-4
280	0.06379
281	3.604E-4
282	0.007705
283	0.02476
284	0.2471
285	0.1399
286	0.02488
287	0.001262
288	0.01091
289	0.005269
290	4.098E-4
291	4.229E-4
292	0.07493
293	0.04381
294	0.001121
295	0.2776
296	0.0568
297	0.1086
298	0.01368
299	3.902E-4
300	0.1986
301	0.1558
302	0.004163
303	0.002599
304	1.356E-4
305	0.02594
306	0.006758
307	7.09E-7
308	7.675E-4
309	0.1095
310	0.04009
311	0.0453
312	0.01435
313	0.009443
314	0.04139
315	0.1191
316	3.463E-5
317	0.02299
318	1.243E-10
319	0.2367
320	0.08943
321	0.1128
322	0.003426
323	1.817E-4
324	0.05633
325	0.006208
326	0.001034
327	3.376E-5
328	0.02409
329	0.02937
330	1.277E-5
331	0.002103
332	6.022E-4
333	0.01626
334	5.466E-4
335	8.045E-4
336	0.1133
337	0.1158
338	0.04387
339	0.05537
340	0.01882
341	0.3771
342	1.577E-4
343	0.01653
344	0.004149
345	0.01094
346	4.099E-6
347	0.1118
348	3.727E-5
349	0.0017
350	0.00569
351	0.01285
352	0.01708
353	0.09956
354	0.001014
355	0.007478
356	0.08416
357	2.34E-6
358	5.362E-5
359	0.03088
360	0.09665
361	0.03745
362	0.009023
363	0.02887
364	0.1282
365	1.768E-4
366	1.381E-7
367	0.03165
368	3.818E-5
369	0.01002
370	0.1397
371	0.1227
372	0.02474
373	0.01868
374	0.05155
375	0.02041
376	0.01346
377	0.2676
378	0.7004
379	0.01339
380	0.01411
381	2.596E-4
382	0.002545
383	5.898E-4
384	0.1007
385	0.01205
386	0.005227
387	0.09264
388	2.999E-8
389	0.00221
390	0.01852
391	0.002289
392	8.715E-4
393	0.001933
394	0.09006
395	0.01423
396	0.005298
397	0.04521
398	1.27E-5
399	0.09061
400	0.02368
201	174.9
202	178.1
203	176.8
204	162.0
205	168.3
206	169.7
207	164.8
208	177.1
209	165.7
210	170.5
211	165.7
212	176.8
213	167.7
214	168.2
215	168.4
216	171.5
217	161.6
218	177.0
219	174.8
220	168.1
221	175.7
222	172.2
223	181.3
224	169.6
225	168.7
226	174.4
227	173.7
228	177.1
229	180.9
230	167.8
231	173.3
232	178.0
233	174.5
234	179.7
235	169.6
236	178.9
237	178.6
238	164.0
239	180.8
240	169.2
241	173.5
242	187.8
243	179.4
244	168.0
245	173.9
246	161.2
247	172.3
248	181.8
249	162.0
250	173.6
251	164.9
252	175.8
253	179.6
254	163.5
255	165.5
256	179.6
257	181.4
258	174.5
259	170.0
260	195.6
261	169.4
262	161.6
263	184.3
264	168.3
265	176.5
266	166.3
267	166.7
268	165.8
269	162.9
270	166.0
271	162.5
272	171.4
273	171.5
274	165.9
275	168.1
276	162.9
277	163.0
278	167.5
279	179.5
280	166.2
281	169.0
282	186.9
283	173.2
284	174.0
285	181.4
286	177.6
287	170.9
288	170.4
289	177.9
290	175.2
291	167.7
292	197.6
293	162.4
294	160.6
295	182.2
296	180.1
297	169.7
298	175.9
299	168.8
300	188.4
301	168.2
302	171.9
303	162.6
304	177.1
305	158.8
306	161.4
307	165.5
308	160.4
309	165.8
310	178.7
311	190.4
312	166.8
313	169.4
314	158.8
315	166.2
316	164.0
317	165.0
318	173.3
319	174.9
320	170.4
321	178.6
322	170.5
323	166.2
324	166.9
325	170.1
326	166.3
327	166.8
328	162.1
329	167.2
330	176.2
331	176.2
332	176.2
333	166.0
334	170.6
335	175.6
336	161.8
337	168.5
338	175.2
339	159.2
340	170.2
341	173.1
342	179.8
343	167.8
344	184.8
345	176.4
346	183.3
347	169.7
348	165.3
349	173.8
350	167.1
351	177.8
352	169.0
353	163.6
354	164.8
355	177.0
356	184.1
357	161.5
358	176.0
359	171.7
360	167.2
361	167.0
362	168.2
363	173.8
364	173.9
365	169.1
366	178.8
367	169.8
368	174.2
369	170.1
370	160.6
371	169.4
372	172.5
373	172.3
374	185.2
375	184.9
376	163.8
377	178.2
378	195.3
379	171.4
380	167.1
381	163.6
382	172.0
383	182.7
384	164.7
385	164.6
386	183.9
387	165.9
388	177.6
389	165.9
390	171.1
391	172.8
392	174.7
393	170.0
394	167.3
395	180.0
396	177.5
397	171.5
398	164.1
399	175.0
400	173.0
